100015133427087
100084746011028
100027056801315
100013181958523
100073831099015
100079016259009
100030187852240
100017710211345
100012046538372
100050157410842
100041404726967
100083745609891
100081174664674
100054263075422
100039722227384
100092185154497
100011755738185
100072979975294
100044236541256
100045271203532
100010601409318
100025251553907
100040619424219
100011425042986
100026222961605
100016391537410
100014620356753
100009281446651
100086152257522
100040684537431
100068854342130
100037431702997
100063477247561
100068775849692
100078773846375
100052771521247
100040849028572
100030022270321
100063623022953
100075367443197
100081896020669
100049434253804
100070140165058
100087304337764
100088509985225
100051083688111
100037284345974
100054745665483
100023216176089
100051660864062
100010579836552
100006769746063
100068039813695
100086958906499
100013642746050
100027220171907
100089362323925
100006093013405
100080188237751
100013191841022
100023004811586
100011728415220
100048904727184
100038982376742
100013507597559
100055880526275
100073741002185
100088596075371
100028260773313
100062098914237